0 0
0 0
0 0
0 0
1.303851604e-008 1.210719347e-008
7.636845112e-008 7.916241884e-008
1.825392246e-007 1.899898052e-007
2.384185791e-007 3.37138772e-007
1.813285053e-006 1.655332744e-005
8.942559361e-006 0.0001220414415
2.023857087e-005 0.0004353960976
6.347242743e-005 0.0008866721764
5.408469588e-005 0.00152391009
0.0001970026642 0.00262416061
0.0002064090222 0.003027230501
0.000239007175 0.003821698949
0.0002886410803 0.003735912964
0.0004897573963 0.006122504361
0.000488191843 0.006125427783
0.0006442749873 0.007337521762
0.0004269760102 0.007919558324
0.0008773207664 0.009014276788
0.0006324499846 0.01255212445
0.0007673148066 0.01226640213
0.0007792916149 0.01528598834
0.001128926873 0.010215858
0.0008884212002 0.01662228443
0.00128289219 0.01209990308
0.001520133577 0.01143194176
0.001637835056 0.01409904007
0.001888316125 0.01138771605
0.001150423661 0.01418518648
0.002033239231 0.0084366519
0.001381214708 0.01097302511
0.001789633185 0.0074503012
0.001485268585 0.01266473997
0.001920226961 0.008561288007
0.0009745955467 0.01122725476
0.001883356832 0.01106938627
0.001494627446 0.0105688246
0.001318278722 0.01133605931
0.001848462969 0.01523068827
0.001822411083 0.009618935175
0.001529801637 0.01846302673
0.001607090235 0.01222315617
0.0012522256 0.01615294721
0.001308462583 0.01338244695
0.003452939913 0.0222556442
0.001726206392 0.01726828236
0.004691133276 0.01417831518
0.00175085105 0.02204707451
0.001933502965 0.01185348164
0.002923225984 0.02778846957
0.001761796884 0.01267641596
0.00215974357 0.02017723583
0.00263770856 0.01642912067
0.002133664675 0.02596368548
0.001702252775 0.01572224498
0.001996027306 0.02497845795
0.003853994422 0.0130119035
0.002337504178 0.02137868479
0.002835434861 0.02364188153
0.002773482352 0.03659050167
0.005113559775 0.2033079304
0.003902121447 0.4363751281
0.01424532197 0.4219615962
0.01421623677 0.3479753416
0.0135872839 0.3004820235
0.01231241785 0.3354760623
0.0175419813 0.2615857208
0.02440847177 0.252834294
0.01972209662 0.2536581354
0.02487392444 0.2898346903
0.02266403101 0.2966349795
0.02018489875 0.2794098165
0.02491495665 0.2518057683
0.01988568157 0.2516470645
0.02267719526 0.2417423278
0.02565004583 0.1862929957
0.02809129748 0.3227956025
0.02933768649 0.2170484494
0.02746358328 0.2914964715
0.03190847021 0.3061519209
0.02601685189 0.2347667636
0.03173284233 0.3261342272
0.024234768 0.171836148
0.03330547363 0.3942539757
0.03703382984 0.3366367286
0.02765799966 0.5720004505
0.04072676599 0.2435873151
0.03802341688 0.3318831502
0.04104200564 0.258112778
0.04991499241 0.2606132142
0.04356190655 0.2913580993
0.0455949679 0.2445091959
0.03861530591 0.257732939
0.04473903961 0.319125751
0.03947506752 0.2421474541
0.0524366945 0.2227599323
0.033291067 0.2586279642
0.03097453807 0.2093430916
0.03340430558 0.1755451849
0.03619577643 0.2272098409
0.03281253576 0.1667708755
0.02643079311 0.186870127
0.02180808503 0.1082314467
0.02987296786 0.1364130862
0.0315789273 0.07405376434
0.02387327608 0.2992240023
0.02753696591 0.3590344423
0.02739330847 0.9046367751
0.02511371672 0.8544992842
0.04535916075 0.5249366779
0.03840170521 0.4798940737
0.07064824272 0.6929291021
0.02451900486 0.8467782279
0.07014292292 0.3176534036
0.07013007067 0.644582849
0.06928583141 0.6387041723
0.0571681466 0.5070033036
0.05865651928 0.50139309
0.06284382101 0.5283683976
0.06315964926 0.5233505117
0.07960976567 0.3887290163
0.0695727719 0.5611393303
0.05764950253 0.3516371092
0.07490991428 0.2390968036
0.02607798297 0.5286077373
0.05606274121 0.3848214159
0.03730370384 0.2800468346
0.07762367837 0.5249621626
0.03334792703 1.424663315
0.07948383968 1.07798788
0.0640277043 1.761085641
0.1250386229 2.855205698
0.1366668316 2.429596881
0.206220069 1.995850055
0.2499876022 2.592742021
0.1919027958 2.871165244
0.3213925585 1.76336315
0.2769122599 2.706285059
0.1991365487 1.372874704
0.2208849583 0.9787545241
0.3701650267 2.201013076
0.2391659291 2.187211358
0.244416981 1.55353491
0.3098457614 1.748549582
0.1998423506 1.848170683
0.198001924 1.512490428
0.2595079774 1.538683942
0.2531610113 1.963389529
0.1477086805 1.256380579
0.2938012695 1.063142022
0.1385115152 1.321413605
0.2459714841 1.80575686
0.2391715627 1.056441185
0.1453888947 0.6828321517
0.1280358648 1.04346845
0.2957935194 1.049194518
0.09979667328 0.6546682501
0.1563236602 0.7583294604
0.116095176 0.7899542423
0.07105443813 0.4162314041
0.1045999741 0.4786085067
0.06099515874 0.6650395766
0.06735253427 0.4207614465
0.07831340469 0.3484926354
0.07251017634 0.306297482
0.03235946782 0.4642877607
0.08347146213 0.3846461438
0.05097623449 0.5133909415
0.09001579136 0.4326740699
0.08256224915 0.5041184546
0.07443985157 0.4989155941
0.07291212305 1.590706252
0.1645085346 2.247673244
0.1261112103 2.479863619
0.3008466233 2.442368967
0.2246610941 3.074888618
0.2693661051 1.966981978
0.4544723528 2.380902415
0.4082510257 3.071557996
0.3559954865 1.095715649
0.5751868356 1.628822292
0.4421753408 2.3805635
0.4317582222 1.242581823
0.5495698797 1.619990233
0.3846970722 2.067150867
0.3205718789 1.145714995
0.4231675342 1.262170739
0.3315262254 1.451420038
0.2614062158 1.556090242
0.466639732 1.782722378
0.2485164423 1.30248988
0.2614814639 0.9557877453
0.3535903068 1.307229524
0.2841015216 2.253126127
0.2420100402 2.065640202
0.2746105967 3.188865422
0.501032304 2.280888942
0.226017043 2.177377244
0.2854122613 1.851211879
0.1990356203 1.776189786
0.1773741152 1.777167065
0.2212051544 1.877672289
0.2574478658 2.186583344
0.09411748312 1.769423529
0.2526039751 1.519545519
0.1414006352 2.129370864
0.275288377 1.496305567
0.111924042 0.7946369005
0.2905991217 1.803488002
0.1219629701 1.607236012
0.209274739 1.376542413
0.1421285179 0.8001785381
0.2601119056 1.93119146
0.1563773081 1.396917063
0.165557933 1.230312124
0.1282198122 0.7376943463
0.2046800666 1.518800445
0.1575161032 0.9249883052
0.1004980011 1.228063313
0.1608064761 0.8005639222
0.121900687 1.578461714
0.169334895 0.6794801513
0.1257830914 1.356291025
0.1300886683 0.6512673125
0.08617077209 1.003153159
0.09221059829 0.9041310782
0.09957073722 0.6861011703
0.09123982023 0.8287921073
0.1556093143 0.8884098427
0.08269299008 0.6706276471
0.1121072341 0.5275090681
0.1352115823 0.9152705092
0.1423662174 0.4895635555
0.08466900326 0.614630051
0.1254498288 0.4728429075
0.0778170405 0.6917788107
0.1468706513 0.3295225529
0.08653966896 0.8689430086
0.08030495048 0.6727016261
0.08301283419 1.523733304
0.1594482595 1.156914961
0.09104020614 1.294365318
0.09982563928 1.233082385
0.1209190423 1.684389428
0.09995438717 1.337679466
0.1417116225 1.125542096
0.1183987018 1.073540514
0.09803648014 1.325374431
0.086542896 1.033678643
0.1218037652 1.068123971
0.1196127394 0.6101007946
0.107709487 0.7050891044
0.07879656088 1.037064089
0.116321722 0.9072037991
0.1015004208 0.6035658782
0.06708709896 0.52633214
0.08642616682 0.8651342206
0.1415291736 0.8791775694
0.1101984298 1.040226546
0.1303682812 3.01955508
0.1299677519 2.349272727
0.1346251592 1.723924393
0.2988150623 1.278007688
0.1835624529 2.759470965
0.2623288333 1.669105113
0.1723386291 1.081563313
0.2634745417 1.335535551
0.2611834677 2.120564882
0.347195141 1.715429138
0.1122818384 1.059913149
0.3155958699 1.263907367
0.2252279036 1.109402007
0.1726719737 1.434573263
0.2191377264 0.93137425
0.2268205462 0.9457313335
0.1140789678 1.101809872
0.2107320195 1.366172999
0.2138916301 0.9301308943
0.1771526672 0.9497239478
0.1743847923 0.662731044
0.126283518 0.8896199195
0.1488083135 1.696137203
0.1705690948 1.99221483
0.08377710078 1.806763248
0.1546867173 2.43604208
0.1378648672 1.833561965
0.1503532836 1.434828115
0.1302836724 1.427987984
0.209020556 1.737572021
0.1663118666 1.35749441
0.2266578078 0.6213063458
0.1293294532 1.138454045
0.1298214318 1.29707557
0.1932467986 0.8658685042
0.1361434851 1.054942324
0.1785419704 0.8223885167
0.3029902112 0.9115126804
0.1660477575 0.7781021865
0.3328737495 0.7456506547
0.07127040345 0.684612425
0.3219632898 0.2930471152
0.4014498359 1.175902945
1.175374904 1.832448247
1.868519054 2.989846831
3.161502765 6.857668665
4.637889083 8.859331326
4.293208598 9.589811844
5.849861265 18.53976956
6.131868756 14.06110656
5.975664759 11.56592221
7.835049203 14.06743311
7.696407326 18.48353475
8.909830629 13.01350448
10.23978223 20.82963616
11.20427491 14.25035584
12.0476659 22.73544672
14.14973058 16.96074625
13.47053867 20.45635181
13.27585063 16.54703908
15.17873452 22.82858193
13.35879599 16.64958798
10.48121118 14.81989198
12.54102948 17.57019646
11.94480471 16.74502124
10.66684788 17.17804125
10.27005538 15.34743402
12.84389709 20.41380265
14.8226341 20.14402117
7.621894782 13.4577284
7.111669304 13.47194799
7.299228185 11.00746274
8.983632667 14.49813849
11.29676334 16.98127501
8.790758066 13.28471796
8.205436145 13.32667975
7.2694452 11.07861516
8.236262945 13.74369696
9.141595858 13.13590753
9.155652041 15.12059578
7.300533736 10.9022581
7.473921389 12.12093019
6.485215536 9.230996502
5.406415675 8.022780543
5.793197273 9.724430031
8.701029183 11.62433493
6.091711521 7.95520523
3.684011161 6.111711484
2.729363295 4.093904506
5.904956943 7.718386612
7.130601074 12.27475906
7.744886766 12.02799368
7.780955466 11.75908029
7.370686186 12.65530477
8.854171255 14.34525906
10.89419711 17.13022603
10.74920641 16.70307906
8.498181506 13.46000284
8.579177575 13.65615948
9.430539592 13.78169413
9.381577818 14.21178662
8.89493011 14.17589662
9.389308252 14.51920186
9.636357029 11.21564963
8.394474321 10.73465954
7.251507988 9.478806032
8.226681588 11.5087215
7.701366787 9.074729138
8.673872279 12.2924775
8.631858245 11.2203906
12.06059739 13.25196449
9.087036293 11.48303111
7.156615828 8.547291094
9.93909762 11.8547979
10.05302078 15.05091971
12.87115705 16.11450686
11.53595873 18.54124647
10.41229687 12.23127949
9.255249506 10.80721508
9.758212094 13.11718561
10.56190572 13.05536974
9.896978784 10.60461003
10.76532643 14.4327206
7.445902535 10.83119773
5.141010858 8.482788972
7.138390377 10.45134968
8.106226316 9.746698505
8.035336352 9.817675728
5.00543387 6.216588109
5.163469702 6.439781629
7.120924691 8.620639011
10.36751367 11.23650694
9.733838234 11.44850509
8.881313175 10.03474743
11.23384763 15.13549677
7.863384956 10.77230788
6.915164414 9.63262243
6.940280238 9.569307797
10.10461842 13.221894
13.22015401 18.55218385
12.08215675 15.91315189
9.090546874 12.04947542
7.164425297 9.188213174
7.358852226 10.91322824
12.02528946 14.77470441
12.19525369 15.44172492
12.21541174 15.93816168
10.94789394 13.97517007
10.07580174 11.6735368
7.770843913 9.874917192
8.45720138 9.030486089
8.400319234 9.900311472
7.273020452 8.629860556
8.937054567 11.89134814
10.52263372 12.61983514
10.93177057 13.85007224
10.32297216 11.90832866
7.548912386 10.06006086
6.592793551 10.60638138
6.039360499 12.88276988
7.045953464 10.73423843
6.940558599 10.77089067
5.259068961 7.244274024
8.834657525 14.24299038
8.286157928 13.17126504
9.216568572 14.97516757
7.933130527 10.847295
8.019940769 15.04546763
9.457553278 12.94046498
9.539706275 15.81292468
7.296451937 9.460017218
3.423823983 5.164193315
3.529919074 5.622849585
4.039206132 5.157923277
5.635580678 8.498082505
5.26395692 6.875649046
5.413402874 6.562370868
7.695776952 9.861648417
10.18674239 12.55348283
9.297092436 12.94533384
8.272039335 10.01534361
8.517331952 10.45060235
7.563503929 9.585016931
8.123500199 10.36717508
9.769917568 11.79092451
11.02123924 13.00454646
11.02360023 14.434658
7.993944818 9.712674274
8.118884756 10.04273774
5.63201646 6.975457952
2.298560059 2.843310153
0.613703181 1.065252594
0.7366910707 0.9394621635
0.6793288318 0.8398360126
0.5565796467 0.8113560881
0.6021753894 0.8489687778
0.6226910539 0.8725103587
0.8012572192 1.13478576
0.6737735188 1.155559247
1.798051119 2.677110402
7.403211612 10.57253913
8.456851959 11.58588203
8.945653867 13.25590786
10.50980116 15.91932674
7.828025007 10.77500803
5.45563679 7.695683486
4.599214157 5.274591869
2.548607189 3.833457036
2.105797394 2.403604746
3.28831841 3.544941722
2.569154664 3.068327883
2.250057833 2.682187734
2.014690876 2.831017586
3.365877918 4.429381535
9.412538632 14.2370122
16.54067658 20.55448366
12.30542605 15.71969208
10.58919996 10.99763047
9.046208721 13.14128928
11.38083809 17.86560101
13.27501653 23.8496436
9.26335291 15.16549529
9.487809393 28.36868037
9.512288281 18.47215191
6.72865835 19.24069276
9.232142783 17.60483995
11.79669911 24.82514507
8.881934645 20.54396904
8.992155832 20.84305685
6.551245765 13.19735378
5.351918732 17.06729101
10.39159162 11.66144395
6.794731555 11.30678766
1.91453576 7.075200995
0.8535075597 8.501554775
0.7540813712 4.640838742
0.9461605707 6.243606573
1.947753914 3.864070527
0.9283670606 4.136100683
0.9545662897 5.833466501
1.655158842 5.212285433
0.7037845133 5.904789602
1.693479349 4.139875492
1.847230246 6.617366484
7.444074053 10.36754313
9.134184527 13.80271547
8.545554051 14.13273617
8.146820457 11.89762399
9.237331614 10.02159643
7.010143463 10.55971033
7.566338468 9.201825287
7.616626191 11.87563094
6.714952799 10.01878669
7.071118869 11.43551617
7.008138784 8.926163373
7.791591377 9.805509933
8.813523672 10.52670777
7.435384048 9.410902822
7.560553537 10.76668932
11.70585754 15.8761953
9.092425774 10.25888485
11.83713007 11.85563899
12.24982377 17.08668201
12.89314527 15.68614413
9.609922518 15.48864133
12.16486045 18.9311272
17.01690779 24.31521488
14.70086861 24.67031173
18.57928615 27.86170006
13.27891512 21.63031145
15.80108104 16.18682682
15.30747084 15.68541807
13.47758421 12.92738624
13.80179406 15.39481167
13.72330628 15.96775441
11.90751135 15.34199126
9.00168076 11.97783219
11.46774446 16.31517216
8.887090532 12.80450928
7.984699558 13.97034929
9.346426451 12.71676783
10.78759958 14.76556862
11.78358491 13.84898084
13.36345605 14.94215847
9.976337483 7.68767323
7.849089568 12.35321855
6.176452657 7.608102129
9.679272017 11.84293207
10.60690465 20.88215336
14.28172902 18.30292771
8.79207761 15.00472453
13.8504902 16.09112408
13.12284436 19.6629372
10.01144241 17.24078971
8.834573464 17.30364039
10.66764304 16.60048314
9.94148137 17.49401119
5.138742664 10.4150555
11.12983503 19.5913365
5.298339131 8.224621347
8.898965096 11.4743211
8.720538022 12.6059199
8.943143944 11.2313119
11.02970766 15.18608795
7.269841095 8.530567825
9.76312005 13.89359569
14.1353506 18.28594627
10.83221648 14.62968858
9.768128856 11.82864039
16.78433722 25.18042793
12.37137376 15.73013702
9.882799435 16.2529248
14.2405769 18.33021608
11.81417125 15.38555577
11.8607416 16.0566728
13.80906766 17.54843235
10.55297587 13.38949313
12.2145338 16.50925075
7.924468151 10.65200421
7.310463991 9.730415846
10.1951591 14.15027736
10.03966225 12.51955198
7.226691624 10.33834595
8.504863495 9.810717069
9.520764089 11.93049066
7.093072897 8.842507725
11.0319267 13.07208365
11.33951066 12.89630327
7.274006663 9.868610322
13.29115536 16.05887025
8.383896171 10.81411157
10.88637281 15.53384414
12.36652316 17.12588912
14.91427988 18.93092104
9.260488915 12.00444142
9.240120605 11.24718894
10.07271422 12.68200374
10.78126027 14.00334817
11.14459804 12.42359113
6.713682552 9.167359155
8.327866652 10.60888313
7.890796627 7.777302365
5.010375662 6.774714606
4.293628765 5.207078721
7.622072998 8.131883596
5.717950422 7.534526057
10.91920145 11.20085743
12.24175946 14.65727024
17.86582335 22.23882145
17.71202265 23.78988421
20.0302849 23.41689962
16.2693884 27.77494366
14.76458517 20.1477275
14.83331473 20.81957069
13.47816256 17.95405137
14.9817834 21.29274115
11.30711884 15.2696314
12.82381655 16.89880027
12.06100792 17.01199664
6.278191587 9.733998609
1.348839136 5.222385112
1.036807503 3.872147939
1.165129053 4.289033554
0.7512510037 3.57894396
1.325470709 4.875069816
0.659923682 2.428343276
2.124646616 5.203505861
0.6715184283 2.717422445
1.14315927 4.965850488
1.29616648 3.576509899
2.318219302 5.186298929
3.915523073 5.78053875
7.958682238 9.996961434
4.923415395 7.6072715
5.81733334 7.871536421
3.94064059 4.408037907
5.908915943 6.381563935
3.730142291 4.514456117
5.518830956 5.195387463
4.925354668 5.36912048
4.132275871 3.598640233
3.801783343 4.390617515
2.096881598 2.504170489
2.493946299 2.816561474
1.046552315 1.249244713
0.4152342631 0.6062721564
1.173704489 1.384835307
0.5952325249 0.966587319
0.4234602777 0.4502754444
0.2804297414 0.3357806653
3.015303414 3.929760862
7.844668385 9.379759124
12.13352474 14.88216129
15.64671384 19.07405925
13.43047165 16.64254972
12.92673471 16.97217842
12.33073354 19.51261155
12.91713533 19.16247631
12.84060135 29.92126234
15.24460783 20.73831437
14.79529531 22.01853743
13.87244176 19.65371975
12.05743489 22.86740567
9.013218402 15.24442676
9.751652272 17.13031079
7.485231715 10.8064551
7.331967584 14.65008849
4.965453763 9.132146209
4.97001243 12.0925833
4.646207062 8.820241395
3.642608937 11.48290775
4.126138116 8.311100864
2.87346316 7.845626235
2.932929513 5.589102573
1.750023921 6.596760146
2.121488336 5.5795401
3.892926461 9.368355155
7.922976232 15.26709933
7.728081739 13.15186529
8.509299235 14.19114169
8.481619054 14.27735401
8.562976364 13.27379783
6.36195556 10.2059409
3.777229161 7.762425308
2.44690903 4.282498197
2.937961537 7.183765095
3.281305355 4.93319096
2.37855183 5.558667603
3.456009773 5.284748913
2.976492298 6.552897852
3.219204455 3.917988217
3.29354061 7.311382653
3.105865582 4.879780896
3.620596828 6.539231642
3.352959789 4.39491386
3.940345924 7.455518998
3.342229827 4.80875429
3.500174176 8.084402817
2.229009824 3.151347282
1.926934171 4.897530492
1.486902965 3.190299829
1.758032959 3.97408234
1.104291049 2.658527046
1.028994855 2.648163442
0.9282529829 2.527581919
1.362404552 2.409202509
0.8164736163 2.682507185
1.580822064 2.138462459
1.319317815 3.814246178
1.184268532 2.727218041
1.00611259 2.475583143
1.076030598 1.868355542
0.9464346115 2.551917446
0.8368654801 1.483339596
0.7455440052 2.484178701
0.9694493674 1.580345361
0.8913677558 2.728138389
5.275717393 6.999952213
8.918501195 12.48682008
11.3879923 15.17369317
14.56564168 22.99957429
12.26144034 17.99254922
3.463218904 7.897272534
4.702198109 8.164577391
4.705986507 7.319557308
5.251459724 7.597137885
5.376918776 7.714048815
6.066775473 6.133283267
5.197840591 6.831002202
6.681709314 7.484537143
6.587075935 8.340646087
7.184144455 9.186447361
5.879507838 5.868176197
6.104404499 8.081012049
7.337545342 9.080357434
6.594207162 7.15615409
4.723417404 6.023300065
7.776168217 9.541586403
8.155749713 10.28947203
7.264706398 9.480366069
9.122716474 11.64978623
9.768961794 11.44521635
7.589453288 9.123346395
9.14349455 11.58607179
6.728977934 8.329042141
6.246897382 7.694417322
5.410372345 6.867301056
6.35408759 9.824427783
7.58372978 9.280899405
5.238109526 7.034096384
5.337317094 6.945582361
6.159300177 7.784922146
4.255996644 5.592167325
4.726773638 6.079971135
5.153794507 6.766979719
3.378208149 4.721833575
3.339526093 4.487577938
3.381771715 4.442950765
4.192201224 5.363055835
3.086700803 3.911944342
3.808026644 4.716922574
3.987282783 5.410360289
2.672631416 3.248087555
2.751744416 4.630177869
3.088118599 3.719884378
3.08771582 3.854450118
2.068626449 3.380950714
1.547551665 3.124978161
2.44009262 3.571545962
1.353626925 2.169276927
1.026583228 3.366462406
0.7072127881 1.468706426
0.6157695875 1.634140813
0.6187275779 1.442018647
0.2896811366 1.054953487
0.799475248 1.135838252
0.3361316612 0.909595794
0.2881984357 1.246253514
0.394068501 0.8477448653
0.2816733494 1.093930214
0.5001650937 1.650005199
0.4577888297 1.146471115
0.2409696272 1.128251732
0.3783513838 1.105659142
0.2071985761 1.146991858
0.225824465 1.092520472
0.2876999946 0.9625267303
0.3442216534 0.6470144531
0.3101238851 0.5885089925
0.3278064337 0.6680818079
0.2655247469 0.4288452715
0.2888263008 0.5746213319
0.572318607 0.7831753679
0.3549814597 0.6832251446
0.3379897745 0.3283630321
0.3106952887 0.5627883524
0.3240049481 0.2443951275
0.3149785828 0.3443735354
0.2538361344 0.2544205682
0.3857655805 0.5015169811
0.164595427 0.144805396
0.146003712 0.343783549
0.2028093552 0.2387859747
0.132123041 0.2303981502
0.2048639813 1.181940909
0.2271352913 3.711983809
0.1836691033 7.350817225
0.3668179773 10.26079303
0.4128149608 3.765707796
0.5512841381 4.856367053
0.295161875 3.199307744
0.6824468486 7.614447828
0.3330102507 3.957925702
0.4648682903 7.698142653
0.6922071828 2.020459049
0.4367399383 6.758680933
0.3052828154 2.504025489
0.3526998106 6.43499459
0.2390097138 2.053635446
0.3217719411 7.153547638
0.4146394618 3.728470804
0.1855124468 2.993168822
0.4106385363 0.7555026235
0.4799383674 0.4132760121
0.4371382911 0.5270366045
0.3625534847 0.5567360409
0.4338540239 0.3881337522
0.1654891679 0.7567515876
0.1302404506 0.6936000362
0.06189258955 2.781275186
0.6949292291 10.07381743
0.3853868227 10.35345897
0.5654864069 10.14924238
0.8529854072 11.01452395
1.421952287 5.756622985
1.043484852 6.4094724
0.8399922214 4.022090878
1.330716596 2.356657933
0.6311895503 4.4308527
0.4993558377 3.358976846
0.401161015 4.316311373
0.4047007523 5.602094456
0.5367134642 3.428517215
0.6249745591 3.506878661
0.5493491003 3.020836146
0.8875064459 2.183220299
0.7613788815 3.264081958
0.5072790217 2.749774623
0.8122175345 2.123480364
0.6544237081 4.841671078
0.5417082598 1.704691669
0.4819164155 3.016991047
0.4825397953 4.150097821
0.5983963255 2.174471117
0.5622042371 2.489559498
0.4045262821 3.250123401
0.4738844 1.749572296
0.50265662 3.012841251
0.5859459136 2.49172532
0.4781513568 2.202292167
0.7513644714 3.295202901
0.4306790801 1.829570111
0.5515978839 1.983953294
0.2777677896 2.660727143
0.2815242773 1.58408827
0.411484926 2.207601665
0.3626256436 2.048728748
0.3592186924 0.865104625
0.6980085587 2.608408216
4.269444284 5.401539039
12.80843843 17.49069447
13.74730286 19.47514736
13.05691023 19.13229379
15.8700202 20.28164861
13.85396046 22.0553075
15.29186994 15.75577605
16.55855359 14.42158255
15.37973944 13.50139798
10.11643605 12.75148627
9.909205598 11.29097489
8.082894274 8.457837156
10.59230608 9.280849567
12.75666443 10.01965456
15.59287829 9.688382835
11.70828392 12.43851783
13.13917968 10.64136025
15.15637275 12.25705205
8.877147428 14.91076666
17.77282559 17.62498907
22.17728136 16.08130934
21.33939207 18.22414577
13.29701959 17.39133457
10.4842868 17.05277803
9.981138512 13.08382079
15.26728803 9.895443806
16.62063742 12.91738299
10.29799771 9.524199105
9.316782082 11.28565649
8.354923953 11.17467122
6.842006651 9.717882567
8.322393964 8.33523985
8.49857352 11.97171874
10.20453132 12.04532756
8.184977303 8.764772281
7.805383657 10.76209262
13.41582531 9.525569899
26.95091577 13.25912213
31.60194218 14.90324779
24.65170934 6.273313472
14.96284402 3.248813771
15.32203627 2.840417112
6.20936972 0.880250304
2.566705649 0.6727458853
2.355921912 1.073370449
2.055655494 1.670914229
2.036751736 2.619191909
1.48362711 5.128100527
1.364155623 6.920124183
1.173311492 8.051630513
3.562764984 4.902390412
7.692444999 8.028137536
10.42424949 13.45140911
4.955722757 9.446175336
6.990561046 9.809310175
7.188401224 12.75225455
7.132183113 9.107911781
15.31467057 10.80192024
16.2701341 12.59201411
13.77088537 11.34574248
15.50739834 8.708840268
16.15885838 9.443385536
12.40714131 10.89687154
17.81804989 10.28480899
19.20608657 13.22620124
11.40007129 10.92756847
10.124853 9.801660027
8.822801126 12.50954331
10.02795382 15.21112071
12.32212597 15.80890676
8.626576703 11.66208526
9.542440902 14.41233613
9.239817355 14.03310336
13.91016837 14.79527139
12.79232878 14.65667759
16.10747944 13.42222243
11.9032906 11.29756201
12.25335908 11.89834084
8.662932929 10.00094868
9.071160425 8.977309429
8.398347402 8.716959855
11.1156535 11.11864595
9.597613239 6.564955548
13.39630765 8.594066948
10.46956971 9.580081016
7.596514993 6.6150313
8.779441804 9.738893026
8.402993319 12.22913907
8.75681086 10.82887232
7.603428601 8.058433565
6.418162381 6.685547048
7.506681009 10.50728483
4.790579834 8.71462242
9.868878993 12.87436846
15.68330262 13.96944364
16.89033928 16.21112736
19.19835726 13.47724998
12.47677493 12.107881
9.871661182 6.155920179
21.06794209 14.32002114
19.25497579 12.6326782
15.81006894 12.3447673
7.994354703 10.92750362
4.993136447 3.595871222
3.010419856 3.344230483
3.019040961 3.166008096
2.623426294 1.9770888
2.283546669 1.120969487
2.809870646 1.120197586
3.530794229 1.450493862
5.904724627 1.669614154
5.002750742 1.39711288
2.719798562 0.9555030121
2.560885241 1.827457733
1.617265342 2.946261343
1.397165568 2.736421364
0.8592690835 2.007425482
1.323679411 2.467381497
0.894337358 1.811968148
1.734202775 2.026051746
2.036020881 1.932808683
1.803950772 1.939029438
2.10364693 1.113709041
2.103812038 0.7698881431
1.653479827 0.8771814313
2.57965085 0.7231475627
2.048482411 0.4565870678
2.302837177 0.5501610665
2.086543746 0.3257960286
2.386777245 0.7760323882
1.930610145 0.9657381559
0.724946822 0.6052413797
0.7592067001 0.9048385192
1.102231433 1.316976498
1.761142762 1.986456672
3.193593145 4.597794471
7.0258956 7.836139473
6.657317976 12.46330613
5.615229912 16.77279786
8.478988773 11.8342634
9.25218185 13.38482153
6.573941897 13.85636742
5.169809197 14.18668741
4.868007426 11.58151633
5.249304639 8.584762827
5.693720886 7.805334435
5.761320774 8.133783375
13.94463862 13.67484142
7.991135199 9.583719164
10.77247612 17.32177556
11.66003736 12.34350181
10.96019921 22.1994965
9.467387251 14.09085108
9.863302363 17.73847221
8.467064265 13.31595651
7.182245104 13.26927092
9.819888962 12.5436418
11.90370592 17.31463701
15.78748602 16.23662126
15.14818038 18.09126256
13.28029562 13.98108351
12.79522574 12.81089653
10.38554167 8.303062187
11.78097054 11.40030139
9.239594565 11.73147769
8.977922865 9.467233037
8.228499042 9.124127947
4.475621519 8.32222202
1.19137786 2.524946189
2.339849404 5.659091108
1.605680767 2.376445216
1.315042504 2.1935764
0.7385693975 2.930933533
1.066769732 2.087918777
0.7674084315 2.877604561
0.8200836405 1.666937677
0.4470914612 2.127653983
1.058241623 2.636584054
3.621310531 7.088769277
7.990931784 10.71780016
6.411221455 10.71927663
7.383727093 11.23953154
6.004629456 9.583187757
5.223703006 9.090265483
4.012993044 6.457523016
5.468411904 8.477953296
4.367092063 7.782369686
2.184575112 3.092677157
1.183680508 3.270627239
1.127581273 2.676282691
1.557123888 4.20352345
1.712475444 2.653005819
1.375604758 3.414956645
1.573055258 2.294607616
1.662441383 4.644072659
0.989820526 1.808458606
2.084240087 3.119041324
1.178828754 1.208985676
2.947308673 2.704242774
3.19219904 5.575873681
4.775579883 6.409628799
7.095786775 12.18029811
7.951967215 11.27284681
9.341883406 12.5199417
6.669010211 7.750711906
9.002703245 10.20447251
6.523448832 9.804277095
8.274459152 10.89729768
6.213340022 9.584378873
5.074703441 6.460318881
5.049325258 7.214181711
6.314327489 8.929824238
5.330977648 8.268561242
6.514955952 9.255787132
5.460446503 8.483471187
5.937119397 7.943306064
6.03544062 8.26619764
6.448323565 7.791707859
4.201623589 6.149053929
4.395761507 5.721282315
4.344773308 6.677698347
3.556962714 3.965847183
4.059045422 5.34562588
4.367762216 6.15402917
3.961881138 5.392112444
3.877771636 5.947249468
4.867335997 5.954434479
5.096495233 6.383708146
4.167246857 5.492558072
5.265933482 6.424679148
4.61245367 6.312999809
3.881919365 5.387912178
2.889515458 4.262812202
3.019850251 4.562785278
2.501650737 3.685697093
3.143416635 4.783525826
2.774675983 3.410812593
2.583117578 3.701961821
4.448601787 5.744545915
6.154529175 7.233296651
5.076094609 7.059742456
6.051584681 8.532538636
5.357089642 7.055960047
6.393660811 6.464021735
6.646544614 8.061234553
6.550058009 6.832066076
6.361620773 6.67156756
6.522816234 6.42749085
5.282637839 7.460375993
5.464762392 6.907529719
4.920056072 6.311948443
4.437651115 4.639171939
4.444508571 6.006139595
5.753469943 5.419300357
3.623119024 4.608372027
3.055650927 3.329077144
2.625370904 3.833312164
2.840486569 5.340308755
1.212785899 2.210319836
0.8161564656 1.972153404
1.469648275 2.856043927
1.955573414 3.178609911
6.214511884 9.720185958
11.66762294 15.58441636
10.20211296 13.10134128
9.524161734 12.99738793
9.764439656 12.97165867
9.657952659 12.69173879
8.773923942 12.34869732
8.836194317 11.64938881
8.186902729 9.48608801
9.051178605 10.04606938
9.372871665 10.43076885
8.238925608 8.650369041
7.63387226 9.344055812
8.753703128 10.35174546
7.195360899 9.171674605
6.968390558 9.68006024
6.541887583 8.459077206
7.338311558 9.338175052
4.427167797 5.527768194
3.648071499 5.361049849
2.905005713 5.212288623
1.607278516 1.820088423
1.956215343 1.578714539
2.910346876 3.51748163
7.334451072 9.216548049
8.368779309 9.840804226
5.496681233 8.263970304
7.077577636 7.809725977
7.770024696 11.57339343
8.216282327 8.722448715
6.257668777 9.48215091
8.336439458 9.921007187
8.858017509 10.47314413
7.769188346 10.44947121
8.347551033 10.99978071
8.282814874 9.333657607
9.159974827 9.976438409
8.703188655 12.3763259
9.591290425 9.337736364
4.191879108 6.758769163
5.363207293 5.762278502
5.784246198 7.156300865
7.688889401 9.11667089
6.795645276 9.119100596
7.412069091 9.239830763
8.167590076 12.68850973
6.13261616 8.887273868
6.590412981 12.08922219
7.328133004 16.41505091
7.650899474 10.62493382
7.977143761 9.903728097
6.586567964 9.688345348
10.09015979 11.95024005
7.041359425 9.544344476
8.11235878 12.68272754
8.780792081 8.895751231
8.411087118 13.11468869
8.112861352 8.022539206
8.881193831 11.42015626
10.6037684 8.543620472
8.571870279 9.397109554
8.209195459 6.939481813
9.623357412 9.289161059
5.011113767 5.93402053
4.087782606 6.161976141
2.513057075 3.71589991
2.859948709 5.82156771
3.149443291 3.285270609
2.56798897 6.082644309
2.005430361 4.21250896
6.31599097 7.121470512
7.803730315 10.66093485
8.580536128 11.88657476
9.291329362 10.57756871
10.91311659 11.09659154
6.674444961 8.46784394
10.19357678 9.706157646
7.955277682 9.030575335
7.442065559 9.956850692
5.259590986 7.322826616
8.114846738 11.43124767
5.963263645 10.1137213
7.946921865 12.3504299
9.59243234 14.28554301
10.16283065 13.99828833
12.18079855 15.67015394
8.29015929 10.37399355
11.77039371 13.47226731
7.663470121 11.24966383
6.964635714 8.472496557
3.49851186 7.584793128
6.471376782 9.974351852
7.25732266 10.61354093
5.704912905 9.925928069
5.944262831 6.811752114
7.776116049 8.010714798
7.269822492 6.126054943
7.456841703 8.218661463
6.002686508 6.645627789
5.804679341 7.120033384
7.490419829 8.541694939
6.284372463 6.225971085
5.393474202 7.414896315
6.144568928 7.110783255
6.859302307 4.035726593
3.470299395 3.009089755
2.041950615 2.076748609
1.366120407 2.615436222
1.284835501 2.199353007
1.125580224 2.079859173
1.835670729 2.813310744
1.714431119 3.068985759
3.137302292 8.518106375
3.171012464 13.83257228
7.0898613 22.89131318
7.581144677 11.97928073
6.515734924 16.5418704
10.29826248 15.1967333
8.700706542 19.61799156
9.190590811 11.85450301
9.972504064 15.99728614
10.5289812 12.40371109
10.26399652 14.78691186
8.47252253 12.4297306
7.640863242 14.85029846
10.8028953 14.95562255
6.416763829 14.3134495
8.49321177 12.88222633
8.369840163 16.47517516
7.346701564 11.19842318
9.112698128 13.11253465
11.74828415 13.9013918
8.232895719 12.20778868
8.19852589 11.37016778
11.31983338 16.55773641
10.46370283 12.0721646
6.888499949 8.334354207
8.780977489 15.52058281
8.593577142 11.59601512
6.082382565 13.54785345
5.150066921 8.639799586
6.16965626 11.98283199
3.900887473 7.526706196
2.946349189 9.702903228
4.560334892 5.906660743
4.795435939 7.45483529
5.131932294 7.618532021
5.28365055 8.676213711
5.466547446 7.724369787
9.511604227 12.43228489
8.335655573 10.92842802
9.370444492 13.0170568
10.60059966 12.88813273
9.264923505 13.74629191
9.485881193 13.98839159
16.616936 19.2093716
9.477847883 15.51744468
10.70759774 14.24287861
12.41819901 14.37639125
10.31606401 14.73729567
9.166397517 11.3912777
3.414971904 3.074291649
1.989400535 1.495180937
1.971253768 2.534797301
3.36744206 4.02307692
3.543356011 4.282587428
2.753217927 2.50540555
2.206261748 2.768906234
1.606755294 1.741994435
1.503487564 1.941464827
1.988616604 2.180395197
2.180015448 2.343242344
1.437683191 1.52208598
1.962828458 2.120627772
5.765819661 6.501476968
8.048259363 8.844490117
6.598979394 10.3223366
8.825939056 12.90104693
10.68452445 21.28327934
13.11106442 15.48720255
10.15171453 16.56250901
10.27594423 12.63022162
8.657351598 20.21129259
8.1514269 9.768761356
5.830657725 8.4590749
6.444894936 10.40632615
8.169287609 11.48866014
6.624133688 11.9657302
1.938937164 7.726609642
1.932761367 3.667407747
1.617814767 6.451934069
2.836693759 6.11629218
0.8527744683 4.885901568
1.16858446 5.271164467
1.111783006 5.157278812
1.411066431 5.654143114
1.575286979 5.451958634
1.629755616 2.629954067
2.101813646 3.775676023
1.279548318 1.969531858
4.221794796 7.238817072
8.047816277 10.32967
9.183833644 11.1934177
9.029665101 10.7513788
8.254177798 8.15578982
6.812969297 9.233399618
7.593144106 9.463697533
6.562496762 8.7746603
7.627697324 9.394060639
8.952249492 11.83360577
7.507622294 9.062863817
2.457778676 2.614940275
2.018223565 1.668650753
1.108932042 1.779125817
0.527980472 1.348687169
1.135611818 2.30778468
1.1581751 1.220782574
3.111726672 3.892210767
5.993558014 8.409518621
5.380292477 7.632270155
7.973959528 13.91389204
10.16078166 15.27526641
12.35182522 28.0880864
10.76394726 14.88053356
10.82804975 18.38365357
12.61969591 19.04509597
12.62184998 23.85751109
12.65736605 17.14288324
11.34130967 20.60225338
7.275252215 14.39763725
7.567799435 15.28556141
2.789897087 10.00365555
1.064381816 7.246978182
1.095810863 6.242052165
1.250084026 6.96921447
0.9059351142 7.332759425
1.342590128 5.389348991
0.8319203435 7.383709911
1.792321833 4.656565713
1.595283256 6.305087958
1.543643326 4.190163651
1.926124924 6.613625139
1.920747931 5.090111676
1.003619443 5.64575044
2.714774724 4.953617179
14.76373287 18.74586662
14.98543124 18.26719756
11.64918201 16.3498535
6.209060527 8.084947773
3.765991706 7.728807569
3.971539438 4.554528828
3.593634514 6.212814488
2.234336009 3.784618601
2.608050659 5.57260021
1.433048958 2.627803421
1.626772138 4.167941914
1.529474705 2.64405292
1.100719898 4.004166272
1.746392353 2.333788845
1.349095587 3.840117599
1.729509787 2.216114773
1.515883979 3.455468372
1.416825819 3.011828253
1.223863509 4.045733917
2.413599267 5.77968362
1.944566183 4.863583794
1.556721753 2.708646419
1.726002422 4.412443984
2.136285556 2.894586198
2.248404307 4.489302516
2.450840226 3.761990087
3.352111294 4.727651565
6.898274088 6.119736789
6.540277569 8.181142339
4.940557917 9.002529709
9.847027319 10.93934563
8.095775497 10.61016238
7.033969975 10.58645831
6.407257187 8.878766869
7.644805873 8.26090872
12.83457843 15.33255981
11.2313199 12.431248
9.048558452 13.00947315
5.629967489 8.849778076
6.856432356 9.098926079
4.899001841 9.256727871
5.889433571 11.9985494
4.433512491 9.843483682
8.14852111 12.3854539
9.25356492 11.60788548
10.41108173 13.73073034
8.683063219 9.550445144
9.275101123 11.99800418
9.205316332 11.1572304
9.741895463 11.12664616
8.943526472 12.86214914
6.684433416 9.530654646
6.928988083 9.293643795
7.578191512 9.975429854
7.394078706 9.917599339
7.789957155 7.791772692
8.899649842 8.445213297
7.924764941 9.905460957
8.703044077 9.038399938
9.234977625 11.32514477
7.618237387 9.852683286
8.616713192 11.07837493
8.757558133 10.40573882
7.733607167 10.01732965
8.530708243 11.263167
6.93776811 8.966350303
9.185249206 9.592824143
10.19711982 9.792687061
9.101233141 9.603172292
6.687105093 8.093986942
5.246000036 5.708785841
7.057365128 7.083891211
6.237725575 7.621894832
7.2859769 8.120594562
5.341524201 7.915000478
6.241067473 6.781660215
5.326664058 7.41719081
4.551983707 5.086631479
5.764607821 6.890459414
5.202397824 5.439399214
3.421261927 3.51355095
3.500665673 4.509499468
4.405829726 5.826518942
5.445084013 5.556160217
6.560787541 8.493331048
6.268763278 8.199687515
4.906182337 6.436184024
4.375815292 6.309507112
3.975548132 5.40982018
3.64807591 4.570868261
3.006790507 4.762792608
2.408768253 3.513538618
1.861904861 2.261219786
3.131098399 3.204695633
2.637715664 5.708514786
3.046696014 5.56139147
4.478339098 5.381840305
3.949386796 6.571704136
4.788719575 6.124286653
4.23286341 7.035428335
4.677029509 6.449414384
2.997203128 4.615065349
1.699097976 2.168652534
2.077177882 4.400563815
1.286722513 2.01257668
0.6548315398 0.9753833748
0.7005904559 0.878455027
0.4081086842 0.6128448676
0.3886081576 0.5844013812
1.070617566 1.039328206
0.8511864776 1.761546039
1.363701274 1.247504515
0.9661875516 0.7985882247
0.5090839677 0.8931462876
0.5830744505 0.6695018476
0.4562467542 0.7274820413
0.6905624503 0.6484033819
0.2766249571 0.7957437271
0.2428025799 0.233879447
0.1877604965 0.3292331677
0.1852212874 0.28143634
0.166693788 1.162129885
0.3658195995 2.132001528
0.3378115967 3.247495141
0.3711564699 8.459799874
0.3869169932 4.583677199
0.58367931 4.564703938
0.5440679993 5.8674852
0.6005856395 4.248246844
0.3860136298 7.27042957
0.4467229042 3.70038338
1.222341326 4.233264442
1.035726025 2.663470656
1.269175543 5.914138485
0.3639691612 3.381017698
1.243444331 4.83232012
0.3532793298 2.908792065
1.526118516 5.513092496
0.5711931949 3.242414851
1.265800222 2.705420575
0.2541188812 0.9912868124
1.282330099 1.334342953
0.5590335801 1.341729184
0.9718481461 1.498566617
0.4253295055 0.5447299602
0.4683102053 0.701329615
0.6057695569 0.6419426063
0.4054200901 2.350293593
0.254985 1.814625693
0.4138153037 3.023643505
1.239462176 8.777736188
0.4702519849 24.26333176
0.9863806833 17.30272671
0.6691671172 7.350471457
2.580377814 7.319666014
2.332119027 5.3340753
0.6892104428 2.831916095
0.9578694971 2.48428266
1.860830004 3.333376236
1.060426926 2.108942294
0.8141533956 1.889650318
0.3314368799 2.448424867
0.2930339612 2.608385301
0.4857531395 3.020179414
0.3087228648 1.758909689
0.471931912 1.250809137
0.4383849753 1.912091608
0.3214384867 1.03338411
0.4560622992 1.259150309
0.5010193819 2.462031739
0.2638236862 1.738332809
0.2014700836 1.271541749
0.2262877692 1.86742298
0.276485241 0.7604089426
0.2711480353 1.213935468
0.09345836286 1.235986819
0.1253728429 1.044883148
0.1836966407 1.414222525
0.1805434208 1.386209741
0.2215035763 0.7073804662
0.1228881553 1.387249556
0.2029088829 0.7365632858
0.3308710251 1.333760764
0.1485589975 1.383531659
0.2480103709 0.9217967233
0.3653907888 1.332597665
0.2901701564 1.248334709
0.2531842077 0.9584655529
0.3941148864 1.337718897
0.9707849892 1.68682659
10.24356351 14.58391041
14.56567216 17.54895712
25.43683959 25.40680351
25.17328415 24.34207341
20.35896297 23.52302117
27.21821674 27.89666603
35.74153232 26.51622234
18.34049287 17.86673221
19.21408509 17.54373852
19.63176167 15.77459323
15.8398734 11.17707273
11.56773465 12.5103707
24.38668015 13.33029167
16.00180343 16.55212258
15.51278884 17.69442377
20.7353944 14.03573991
17.85035199 13.09610145
19.21028828 14.98903323
23.30194117 16.68924237
19.822839 21.68926707
22.94418947 18.22318046
20.38040502 21.44734242
37.81652304 28.27106604
23.54411371 18.69974072
13.40914226 19.40824236
11.08381446 14.03263635
13.77402579 13.82260625
12.78059897 11.21258392
21.74353079 13.72658634
17.88419977 10.86141586
22.44043089 12.79860406
22.67625182 17.55086725
21.91054033 14.6969794
42.49326461 20.13940676
29.38829791 13.36652347
26.55217666 18.43628824
12.19401619 14.60320225
6.280310872 16.65203615
8.929670596 9.404328368
4.097071514 4.664688827
2.855070151 1.693296582
2.24322877 1.69404907
2.239503904 1.725770118
2.045379042 1.488839689
2.775966524 2.747003294
1.887924543 2.534684512
1.436022749 4.108427865
1.67604883 6.838554767
4.737561898 16.73721202
6.540302631 18.98641159
7.349088094 35.30961038
11.8384467 14.37362411
16.18583699 22.18878806
13.45695235 18.89336958
10.40958499 14.92858442
15.62840332 22.89529703
10.62342354 12.44950799
9.635333521 10.66490239
10.67538714 14.51536324
10.08444115 12.08555603
11.97374241 13.18045534
9.362920447 10.84471633
10.98801486 11.17458252
13.41691734 16.82968362
16.00248181 16.88082998
22.01479806 10.05336831
16.90257521 8.895600592
14.18544571 11.10731124
12.79063496 10.99652846
13.49455993 11.17281697
19.57095363 13.75748709
16.87798291 18.08753994
13.26244725 19.89293762
16.06788218 16.05014597
14.7275712 17.61128795
17.38353381 15.06853664
11.47122071 13.32866381
16.71721234 12.60799062
9.074212021 9.030679284
16.48877845 13.52568695
18.28317538 9.213531356
16.13748045 16.60812934
25.17627545 24.14471968
11.88529581 13.4417611
11.75923024 19.32800889
7.771398981 20.3878316
14.74829519 11.7373247
7.860083708 13.60212992
4.40727694 10.53707966
5.766955919 11.59909359
5.416300134 7.935922405
4.001619129 26.12158206
9.869564948 28.30805693
8.360103047 17.23029629
7.823991429 20.48726168
10.57442832 19.25104916
5.340657753 23.47404431
8.584608091 8.379439181
9.999812091 10.18414041
4.023955246 13.53362285
9.140627955 9.781657901
6.971145661 16.961874
7.059796865 18.93329138
8.865946504 12.4935372
8.925803804 11.54433373
8.784298486 14.18997918
8.092803304 18.11937452
6.758886883 18.27055722
5.890713783 21.49586052
7.92352399 14.70169906
9.59082161 20.56253978
12.55428693 19.97743504
6.645771109 11.24299614
14.86180855 22.89629323
26.84158439 34.31208771
22.28550458 33.01504231
31.65769444 34.34646801
26.94956925 23.94148856
26.06921462 18.31281046
23.82927285 20.0229846
14.04919534 25.28096293
19.74843594 22.00174082
7.664501934 16.75847981
4.546245844 9.183194071
5.314726101 11.67979108
9.031680366 17.51326002
6.242206587 11.62465168
6.720078821 12.24464552
6.492062048 10.46930538
4.208347086 7.4944361
6.137351445 5.286070623
4.074361674 6.364419265
6.493849817 8.571510722
4.875267746 11.46228549
11.56986462 21.66202662
17.98558404 11.7271156
14.6918999 25.33732646
18.24653296 45.38640738
25.24907407 40.5090064
18.64861678 37.7489829
14.38584799 29.46339297
27.76142901 28.23539535
19.36602733 23.19744258
14.98794035 33.15066767
19.99826877 17.78317283
17.74725879 21.47630885
16.40009689 21.0735688
22.43208136 23.7595739
13.22234483 20.8488097
15.16469499 18.14178807
17.59659432 19.62442379
12.25907014 16.19218414
14.1314284 19.15226131
12.80573967 21.50224456
18.48604901 22.59783642
19.2389399 20.05807121
17.08914437 16.67548317
13.11738067 12.95531171
7.071616933 11.86902529
11.76583869 11.66398547
21.2502471 23.67543782
14.33578503 15.29113312
11.48985835 15.07518486
9.885263156 9.911725018
9.421381228 12.47771187
8.261761503 8.033783467
10.12737558 7.626833639
8.366843057 8.996059841
7.043284394 8.688971205
10.2103967 8.813807999
9.259798902 11.68806214
10.78659265 8.33719053
9.184310051 7.749869339
5.928047858 2.81692824
6.380078514 4.716543118
5.843010736 2.596087389
6.289083406 5.549446048
11.87537276 7.848929338
13.95823589 12.56700526
15.25411537 10.67451546
12.33136251 11.46726738
15.22616598 30.98222782
25.67865311 42.9163105
22.24922203 33.8232658
24.66614398 28.8793745
28.34384608 25.71340762
41.07543562 34.58238671
25.06236738 30.47150842
13.50604484 21.83062878
11.09544215 19.08834538
15.64467567 20.13097441
8.252046584 16.59494581
7.664810477 16.38169299
8.769555182 21.92316803
8.622062011 17.99375689
13.2247996 14.88473794
23.32146443 14.96664014
29.17435556 16.47564159
20.72381332 7.703706333
9.127775986 3.078308471
5.829292835 2.507789784
12.21849056 4.309443659
8.962264983 7.889315424
16.0134709 18.34720284
12.83217635 22.73632739
16.60380568 31.89387331
21.49579273 23.44430972
9.41422106 20.40669029
20.28585363 20.437105
16.20000679 20.96207712
12.34883577 12.83108152
20.25140825 11.62676765
10.07394996 10.97248922
12.66909423 12.90023084
11.71278757 8.820319832
17.13170513 17.79960492
6.490664327 9.945668544
12.99821802 12.44163246
10.86370683 7.319029186
14.32305606 9.760836453
11.92954666 5.700075986
10.84407492 7.9957542
5.09768198 4.892199284
12.55761243 12.07973909
14.33111238 13.74306632
16.48830009 44.78336492
12.66984213 25.01673787
8.107602194 19.27734612
14.16443399 24.25455901
15.68898991 22.81629038
15.39558738 27.71596594
16.28100083 22.43677271
17.75879713 17.45790074
9.042704318 16.51059672
12.16780316 10.22788577
7.500893308 11.96701797
16.29810163 13.24286711
17.27163237 19.81723039
17.3831251 17.22204396
8.185419297 10.0945848
12.94464378 18.46553124
26.746532 25.95263202
12.37109648 11.19332572
9.345355895 9.392096138
13.3201321 14.60481562
21.36742268 13.19274853
11.51834557 9.411916927
18.1022254 13.14554069
14.8302556 6.531396816
6.11783553 8.444249131
9.137024656 19.57739567
8.503122143 13.83329538
14.01992415 10.0614955
12.72609383 13.44439804
10.92052394 11.2924262
19.35758185 17.96278565
17.02015478 17.13482337
17.78501532 12.05959688
14.08484265 10.58644724
7.916809412 3.769104345
4.637720383 2.304484159
6.129971419 3.006914613
5.062199851 3.051432226
6.160733256 3.823239701
4.87106329 2.722440538
8.14415262 2.504891114
9.27927191 7.078381253
9.442389211 29.46780733
20.22168498 25.91785781
16.03500042 33.52868218
27.19598222 34.71564889
27.35328822 43.65681133
23.87563368 33.05015224
18.33372557 32.38754808
23.2987375 31.43122209
22.71295076 26.55074824
24.65215662 24.32702388
22.51430799 28.1050337
20.31848305 27.25062928
26.03223934 22.27645554
18.19803083 16.58688862
16.21139474 22.76062934
14.80010679 11.57783124
9.984870269 9.430056252
5.050382044 5.125461306
5.614875519 4.029797795
4.704849625 5.879107621
5.42857166 4.520577859
7.736639682 10.4116438
9.084508971 17.44893427
11.91476382 9.976111179
14.63529345 25.88484115
17.6364531 23.78638047
17.23982244 24.753526
19.68479344 26.78823668
17.24264676 23.9098039
14.41442826 21.62229003
24.37309744 17.84031723
18.43318887 16.33424675
10.32953525 16.34296873
11.68837052 11.22601522
10.43455405 9.756905733
9.026134257 7.383318434
10.43461442 7.109827656
11.5929614 9.388273909
14.18385898 6.449267871
17.09946626 5.148134117
21.74401509 4.422924279
19.26854298 4.769090195
10.50626131 4.087701742
12.16639715 3.964173493
10.58830907 11.07713178
34.83717853 40.30869795
22.55026652 27.5045395
18.80491793 32.855387
26.65299122 38.2699734
22.67321992 30.41979487
22.4583398 26.50780736
19.77402101 22.90609635
21.32318467 22.49098726
19.97602495 16.96438563
18.87209945 19.25489737
17.92509488 26.59291353
21.88850902 24.23917733
17.16338421 22.85661176
13.85977687 15.95278836
6.617953019 9.060382791
7.102207846 8.655007421
7.361895243 7.356505133
11.3532152 7.387910224
10.62420712 6.364734259
10.02233039 8.304685513
10.75950965 7.745891326
11.49830082 7.154910224
9.953722329 9.849639769
11.66757562 9.185980172
12.44839772 6.3632474
7.365953028 9.926000962
19.81667666 15.96819861
12.74649517 13.80668007
13.8616575 11.42393577
11.83676292 9.379288605
11.58714398 9.315507311
11.5626958 8.899886679
11.73392993 7.898408714
11.18717874 3.381701379
12.10172245 3.381359979
8.142372499 3.725550438
6.001369406 4.187048564
6.893230837 2.889131112
7.152305583 3.106891292
7.684215202 3.427612986
10.58545346 3.723708921
11.79745109 4.033057563
9.274473002 4.154155863
16.50734029 19.23346581
19.97974352 41.41625001
18.83016753 28.05658421
20.90492982 21.696968
16.16550367 17.9609739
18.28007389 20.00833877
15.34364162 16.09069408
18.46456416 14.57027061
13.41717895 14.0958386
15.37505573 13.62676793
9.062264647 7.707309891
14.23108452 9.817637442
10.81449646 7.304786083
10.36099797 10.40310464
12.20614562 14.59234812
13.60456769 8.92311677
16.14972425 13.82573676
14.71348569 11.41796352
18.96785039 9.884774342
22.57069211 11.56514646
17.49981052 13.10282995
24.47692781 15.74730276
14.46200378 26.92381698
14.14240065 17.48499741
14.68488799 17.85032475
20.30227448 17.74012517
16.01351462 17.36142255
12.4381994 13.05007786
12.80161365 17.12800443
19.03140498 16.89088856
16.08486324 6.67262809
15.83614234 5.531288966
23.30156022 11.75492723
16.6971974 7.017204237
22.72819993 13.71474183
16.99373588 11.35003553
12.29158677 8.557520725
12.72627501 7.923557094
17.36374614 8.939239217
15.19821079 8.678172559
13.08347016 8.954133233
16.4368312 10.22760294
16.18202983 12.72800604
12.69300295 23.96750379
9.820570063 18.53973983
14.04917193 13.64753719
15.50499851 15.03677552
17.35294988 30.51975139
16.98966294 35.45740072
20.39318362 48.31575054
12.97777253 58.33805812
11.24594132 53.26792447
11.52467579 55.95734585
10.51512167 48.52191189
15.76767572 46.41663571
12.1033974 34.92433214
21.16937688 45.34505375
22.20829535 32.65026447
16.96920238 26.43956673
23.60254542 32.47698072
27.65560044 36.48281275
20.94947949 28.25011536
22.32250599 18.83233933
24.64779543 18.89144755
17.99653849 12.60334502
25.44436868 21.56576895
22.06843204 16.51249646
22.67304518 16.40965174
17.72222813 22.06889948
16.92628432 17.38057815
14.66784397 19.74751593
16.67788218 19.12528632
13.40180402 18.08246649
18.35001552 17.39501083
19.69133999 14.11884652
17.04075317 16.14407174
19.94233298 13.62779247
14.36948032 10.46661342
16.63467466 10.34684445
15.81180244 12.70320977
18.25132698 13.02103163
13.78727361 14.08752013
23.5761693 15.12106958
12.63783636 12.16096566
9.7256012 9.151935757
10.92676142 6.802749233
12.28837402 10.3186817
9.719234738 31.63270829
9.407766355 36.985922
8.975155042 31.08859299
9.811495475 35.63175745
12.9350681 24.70181782
14.44999022 37.21772293
19.67562855 33.46653499
12.56101628 25.64317927
26.59254769 20.09226586
18.99749572 18.82036083
8.860191202 14.12923518
15.76903973 12.44718369
9.059352328 19.96549109
8.010721687 11.12003651
8.231124187 19.02523747
6.970543236 10.46984944
6.69044548 7.3018935
12.94687095 13.82964158
16.11090469 9.292021384
6.605268227 8.874159219
12.55254164 13.37327654
11.07256872 13.59702468
4.608515899 18.12170279
8.174619389 58.69459104
7.013930268 38.13703705
9.653972065 17.88071119
10.03238266 17.47742673
15.30858239 27.0424237
15.25383175 24.63063875
11.45964711 10.1320987
10.5272222 22.5085141
14.24581481 12.4604148
9.8786146 21.6094579
12.30863937 14.30060628
11.8833784 8.777254362
10.16065043 10.59907313
9.500498647 12.66753497
6.570763906 9.88596189
5.059532903 8.051447905
12.38857417 9.311489001
16.42320209 16.26743301
14.56704268 12.62521105
22.05385589 17.61608564
10.86768848 17.86068675
27.14091803 33.75201417
25.36948755 46.57764824
15.17845638 23.35773838
18.86735098 21.27647953
25.11234627 14.59625109
22.37766249 30.34623169
17.56618671 25.81648732
20.48684488 23.02830371
23.05034037 20.64610663
20.98647845 16.18920194
19.15111968 16.629768
24.83078572 23.25582918
11.38745801 28.23960627
23.38492111 28.71008553
22.52604333 14.85240731
11.18688445 29.02017989
24.89294105 22.10148308
21.15783023 22.78458402
25.5384259 18.64599311
9.439543128 14.27460999
16.01109913 10.30196546
26.54524956 26.56229313
31.12722827 36.79201492
17.42558308 21.57083906
16.15594708 14.06266845
30.69547751 28.81433149
27.29870515 21.78509061
29.92572683 33.79331002
21.59362486 21.08736855
17.90116795 25.03924901
16.4112569 24.478862
20.44903501 28.23278496
20.28744147 21.01017662
20.67457623 21.99297349
22.02947075 24.1563604
15.3685522 15.54037305
16.89739755 19.56281877
16.51682998 14.72752623
14.82584216 12.22090728
24.98204259 17.16528214
18.5616038 15.48440715
19.02701824 17.24627115
20.73381799 20.39244938
22.38155564 37.08358684
16.49814677 32.18472501
20.38934383 32.85575642
23.61590333 30.47820829
18.76922617 29.47391763
21.72137071 26.16367344
19.90296227 24.34422247
26.43166244 27.56166773
22.61026279 26.71725412
20.74463919 21.21953413
20.62027904 21.96208796
21.18520196 22.90927631
17.4301774 13.221547
10.83308117 9.294270385
9.238432351 6.14569937
10.14380242 8.239274188
12.13160472 7.172690054
11.54231709 8.463549877
15.38734284 9.266573115
20.16249962 11.55880653
18.16939785 12.31818971
22.26470036 28.47290152
15.06703855 24.75162089
12.27052842 20.57645565
16.56881689 26.74290625
17.75313302 12.29351309
19.9398314 21.18675516
16.22781044 17.33488607
16.74913366 12.1440058
12.97056094 12.57326706
17.60612623 15.02557216
21.25689194 17.16194864
14.4910886 10.73091884
12.44741251 7.6066121
14.9691825 6.208460727
12.20855925 11.1131007
11.23230583 9.475609563
9.243061549 9.77461327
9.019417758 7.50705219
10.71737092 10.95271526
11.6718153 13.14062089
10.36054748 6.500708934
25.69173008 20.03417834
30.24883941 35.56813855
28.72006029 42.12644131
20.61168953 23.61436978
19.84841024 27.82924427
17.56911127 22.36111089
21.95128735 18.34895212
25.85248321 19.7976813
22.75282694 24.03334371
24.30308344 25.42205201
20.97380907 21.0503577
17.91307058 16.15938451
19.72484492 15.84786105
19.69693221 14.11317806
11.15711014 9.290352485
5.768646985 3.026051154
6.778731552 2.858474972
5.985522857 2.335252029
6.405284508 2.948074246
5.211113723 5.310968815
11.18797023 5.210500611
5.896035406 3.71154733
8.265300714 6.842564715
10.22856512 11.40902053
13.73213578 20.76839286
19.43919226 25.21233414
27.20208155 36.98318717
21.76564457 30.49108429
19.47188577 20.08844263
22.29459162 22.26021873
19.23659247 18.34952198
22.53058042 21.69621839
21.40904443 21.08235168
16.48530752 17.2778822
10.72484238 10.49104166
8.713975292 6.13146971
7.957614639 5.656064189
7.154034011 4.745761021
9.379809508 5.027971695
7.017081839 4.456877712
7.93904209 5.234016762
8.444767663 6.933797929
9.709040605 5.345408486
13.34993656 8.180351887
11.74447126 16.431997
16.87464517 30.10882171
23.47705674 29.11531198
20.28613778 30.73690896
24.07306421 40.54079129
24.42172704 29.44766146
23.32549913 26.3875273
24.37671604 26.56456114
20.70034362 23.78809657
14.29551246 21.62510976
17.26726167 28.37741621
20.89788163 22.31996567
20.90866484 27.55858712
21.23936915 24.47404598
17.9251468 21.78679852
20.00518919 20.74958751
13.91619265 16.84161879
7.000752391 8.086443153
9.986321396 7.356877142
6.786533915 7.205626489
10.50022316 4.513683301
9.278327679 7.261264982
14.77558523 8.397347373
15.51652614 16.32969519
13.3801239 24.81744265
17.15941662 25.88603329
10.66553422 29.51357866
17.63937483 32.32149
16.86555607 25.89667449
14.38826967 29.67356546
6.662520895 27.4490689
17.70430052 17.62994317
16.89920826 17.04814609
16.33315465 14.11267401
9.507827821 11.8612804
20.80907235 11.47156089
15.43170277 16.95074334
30.67891422 12.28682949
19.71053055 11.80417835
27.59186122 13.74467195
13.86243253 13.76438751
19.88279737 18.14090096
19.86246276 15.39827291
15.48217028 13.33060181
21.65819313 13.66747192
16.65807028 23.14128828
22.14768492 23.05776972
10.30929518 23.49170564
26.36122046 29.38389641
23.50720969 25.46598133
15.91092588 19.72332401
15.46358556 22.1287381
20.92599522 21.82935006
19.37327012 16.50320376
21.11419413 23.35994765
27.33888318 26.51039324
18.64806739 23.9773892
20.86727436 23.70045904
21.84384799 21.36282217
15.69467273 17.38052739
19.03514561 22.61625559
17.2567049 17.51574443
24.66903171 16.36998074
17.00968249 21.00190343
12.07666209 17.9835343
19.2565785 23.19473615
23.46265652 16.26401614
13.63334798 18.74104457
13.85174953 13.69935513
8.202447252 10.19438003
8.290710297 9.929382307
8.193243636 10.24618607
8.140584337 9.148826515
16.5464813 13.55247607
11.43605145 12.08615764
14.29172173 10.01881354
6.667074006 6.282897259
6.093371328 8.438584184
9.845766094 10.26824984
13.83530472 10.99930758
21.80629995 14.54288531
17.02042437 16.85169586
16.97681427 14.96438467
14.84551028 9.820278557
13.54016326 6.763329764
15.22433883 7.808623495
10.70189788 5.787024298
13.63885067 16.53365201
21.20110578 24.03294225
20.55195163 23.80928036
25.0379572 25.41474122
27.16452318 25.06392358
16.43683675 19.37073564
20.32854129 19.57501283
21.8187896 15.73799863
19.60313739 21.99533766
23.31917548 17.6639332
14.39588432 16.69504739
13.34644411 12.30722491
10.44566588 11.58859206
11.02407689 10.05708944
10.57186029 9.986686681
8.830807713 7.330027069
8.659179385 7.573343879
11.81405593 5.823601198
9.534367329 7.480744059
15.39978557 10.43797043
10.5229831 6.110594365
11.4816548 5.129447689
12.40545324 6.9731585
19.19433933 22.09775378
15.42114976 15.53221808
21.63329961 19.9315045
29.52728355 30.3235815
27.01822927 29.13938333
23.9717428 22.33888379
19.56663186 18.68174415
18.95887548 25.24903229
20.36328381 19.23084718
18.98591272 24.2117629
13.51155024 19.23789209
13.13455294 12.49444223
16.95203904 14.58741589
5.902986052 7.668968907
4.285626525 4.028761585
6.753958932 2.970790586
7.346999907 3.800760397
6.394561797 4.627183473
8.999933502 8.166893136
7.270170794 4.804890676
9.063538817 5.962579398
8.327673866 9.991029553
9.163002155 16.08192506
8.4418748 14.08386651
7.855050109 13.72875037
18.58071524 17.22266159
19.23935066 19.40782274
25.54674196 20.84089298
16.00117161 14.57148404
15.90861353 19.07624546
22.0329106 15.64977602
20.46237216 14.82613796
20.16189053 13.6248913
17.77551788 8.92114853
13.58459232 7.687293769
12.93542581 8.165984963
8.580615216 4.975327151
8.384734141 3.986016527
7.449940494 4.533258238
13.2762353 5.386966666
11.50975263 12.496404
17.43608659 13.76619581
13.79884095 13.25523707
13.23564479 23.08884551
10.70879163 17.28458244
11.1644715 14.48054683
11.62328401 15.46350842
10.89002295 12.57973814
9.548232116 14.40446802
11.62629869 13.23112975
14.30374177 16.97311531
18.55718597 18.10168092
20.11636008 17.27853072
12.89303043 19.26921845
14.26213406 21.41433222
17.29762218 16.56330629
19.46855771 21.35136983
19.68625078 20.26761105
13.60179405 14.08943948
8.679238716 11.86477881
11.08834343 9.893628823
9.94097608 12.84469829
8.761455974 9.701724233
12.95736963 9.699422199
5.729585664 6.482545755
10.9163543 9.678096911
10.5031388 11.61618208
9.825722707 10.5913238
11.36178023 13.23947949
11.83750654 13.4761126
9.683820936 14.83165789
11.87888862 10.90636783
11.29521518 15.62635744
6.331266466 11.58915625
9.788386448 11.18969554
8.059459165 6.027586472
7.390548178 10.82004417
9.027786896 9.969756303
6.559523669 7.902478279
9.603275218 8.603228744
10.55020976 11.69182038
8.271722813 7.596666692
5.959191039 5.512670442
4.747454807 3.644146742
4.449855679 2.577522256
2.481677675 3.371476023
2.376602535 5.139538162
1.869263082 5.208908547
4.037970735 5.722329071
4.628122401 5.825220895
9.166905385 9.262886784
9.603054916 14.82186538
12.01366237 18.33959676
8.851406788 15.07407975
12.4502017 14.4586277
10.46445646 12.08492313
13.37299387 13.90771191
10.51798826 13.43161049
9.649405173 13.63826077
6.254104013 12.08163838
6.751749115 9.216697467
7.186033659 9.794869798
8.403299746 11.62924094
8.759515508 10.68446781
8.158363329 9.67633636
7.736207373 10.57145306
9.428733464 11.67007218
8.282035816 9.843199433
9.752405683 13.38210377
8.707453291 11.24386035
7.83061057 12.6236447
9.99743671 13.53951341
9.89050595 17.17487562
8.706328428 17.46070771
9.424017271 15.76664242
10.2688854 14.72909008
10.65663422 14.42406514
9.015716961 13.72051925
11.18975278 14.26098728
11.89435496 13.48566049
9.80240774 11.57300589
10.46918307 12.29849059
10.3865229 13.43019954
11.73504948 13.18798582
4.844334345 8.75600992
3.046693616 3.784871623
4.708242688 4.698643985
4.421152294 5.184882821
4.664599088 4.701689793
2.546391885 3.272053801
1.769608673 2.765680608
2.751166114 2.072229407
3.094898973 2.863799986
2.559977255 2.2845229
2.998382321 3.756809851
3.374055509 2.830976507
3.804474926 2.714594562
3.026764557 3.864658825
7.201960501 8.278208036
8.455811578 9.420819359
6.339687823 6.951092979
6.16846436 7.375876744
7.704975476 8.555574186
6.018569898 8.610496625
3.829462449 5.243433711
7.893297308 9.5469682
5.271604785 7.56428178
6.037073209 6.664512787
5.556310529 6.995719949
6.756704292 6.4469552
5.866778295 6.101426931
6.811261563 9.236213426
7.980683626 6.688107359
9.297541306 10.11669825
5.072060609 5.425296897
6.560182933 7.247905416
5.337511571 6.054827543
7.739424953 11.04839753
7.505484865 9.784934607
8.135935732 9.745488592
5.688106492 7.249386736
5.781871269 7.680479069
4.441815905 6.43180169
7.226499602 8.22042976
6.183804744 7.937865648
8.185766093 7.988813028
8.923773533 8.180738036
8.439694734 8.630183547
9.522586763 7.82703394
5.231403288 5.211426479
4.355078722 3.884465146
4.728428566 3.999177706
6.247316699 4.981166865
5.870721908 6.255147699
6.118978421 5.524639006
5.973213216 5.073938198
5.062122163 5.432227631
6.034823744 4.420486948
3.293201187 6.199586377
5.076589826 4.976495985
3.502928795 5.059375676
3.12015773 5.394510098
4.614153718 4.607621633
3.577055383 5.036749959
3.324946024 3.335198121
2.838216888 2.250738481
2.317510286 3.545140918
4.347073152 5.156438159
5.31997727 3.486263513
1.876202092 1.447480678
2.128124604 1.745886141
1.57535795 1.160901498
4.001750111 3.464882144
2.514918681 2.082804578
3.729251289 3.044179245
2.077288554 1.956999077
2.66754538 2.660498076
4.269592056 4.056633147
3.157505345 4.068053561
1.264310977 2.223323999
2.469362572 4.782040155
3.281784104 4.936198032
1.344043587 5.366187642
1.667043816 5.004853749
4.474763677 6.568790389
2.776780851 4.748077692
1.90458996 3.326647988
3.25709647 3.315906486
1.942237428 3.333574356
1.544352012 1.076643494
2.283397655 1.939373394
1.589384127 1.442495139
1.170332953 1.380346801
1.191822615 1.159612839
1.11011144 0.8114297884
1.341291858 1.772260925
1.487594798 1.679723782
1.730068578 1.324468082
1.220219309 1.488489234
0.7254973277 0.8398393979
1.16383813 1.040599968
1.300926949 1.215437734
1.955004013 1.771622293
1.406469217 0.9222455323
1.438553082 1.154621636
2.013556734 1.872484605
1.988363589 1.652548742
0.8043987397 1.226490019
1.913455852 1.449077011
1.341112147 1.671203533
1.161695824 1.076858828
0.9750156542 1.308490991
0.9842066914 1.092216183
1.416031362 1.386206368
1.29695419 1.734600315
1.285019211 1.081621576
1.365244345 1.341097352
0.8473573653 1.26135016
1.315642727 1.227962594
1.376083336 1.77509925
1.548584804 1.60871293
0.7954402966 1.031254249
0.8105196627 0.9381593652
0.6875499291 0.7931774799
0.5092805 0.7307476541
0.4198326599 0.5171167953
0.6845188057 0.81821087
0.3858857863 0.414829067
0.456479514 0.4754181793
0.8466097536 0.9994786233
0.8910259958 1.014628321
0.4750010716 0.6977884592
0.5422148798 0.4594085915
0.3375703366 0.4270555098
0.488817906 0.4372645002
0.4745419556 0.5429321695
0.4413081054 0.3944840776
0.2879112428 0.4618993178
0.3286282495 0.336217735
0.3686506217 0.5129835578
0.327306129 0.3824075488
0.309872767 0.3222763371
0.2120234538 0.2705189418
